.8824776
.5964165
.4175051
.7867588
.4775612
.5710097
.1433756
.1515835
.2161897
.3951363
.4786635
.9447793
.2098480
.6348809
.0692654
.2978535
.0872609
.0018615
.0308805
.7863632
.9630440
.7455563
.9372791
.1030336
.7334699
.8072623
.5577597
.3180232
.1208883
.1379388
.3459002
.3380611
.7135360
.7276934
.4600287
.3998157
.2289143
.4464319
.5304117
.5627330
.3666121
.7531946
.4789747
.2027196
.9103929
.6959641
.4444435
.4504256
.1895625
.3942355
.2691122
.3665164
.6160787
.3733975
.0630170
.4012054
.7765587
.7029828
.0771121
.3464517
.4772874
.8801003
.4891170
.5566113
.2155223
.7948738
.7340241
.6869597
.7818379
.9164657
.6958231
.5793918
.0859481
.0462754
.4178248
.2107321
.8423883
.5991573
.9860310
.8114760
.4526371
.3940120
.8933210
.3614123
.2766995
.3618636
.5017961
.6734613
.4998724
.4125408
.1864401
.1881964
.9693554
.9403408
.3653290
.4188978
.7005671
.0945586
.8999392
.7106223
.2344720
.9925276
.2836760
.6066526
.6649173
.5108192
.6275644
.6518279
.9489268
.1545117
.6991141
.9046324
.0630908
.7749441
.1736902
.7785599
.6756396
.5831289
.8172933
.0881481
.2664821
.9890063
.5354714
.3362141
.0464350
.2859779
.0951561
.3462020
.6020663
.0956703
.8545387
.3171891
.9240195
.7896302
.0206668
.2589778
.3643817
.8126677
.7952690
.5508338
.1126035
.9468167
.2663801
.0598159
.9796737
.0753909
.0566613
.8532707
.6366990
.9333739
.5488825
.0449551
.9667300
.6633854
.9748499
.7253757
.8576256
.7357281
.7761358
.2443213
.5889390
.9365228
.4232866
.3371962
.9472547
.6797017
.3147547
.7166445
.3421034
.8566344
.4676217
.7870882
.4885240
.8014204
.4592496
.0821865
.6725385
.7203888
.4823166
.8738538
.2222529
.1111050
.4352667
.1563591
.5699875
.2791915
.6860188
.8701607
.2097912
.0505262
.5188555
.7975146
.9298855
.1718919
.3027293
.0355247
.9310307
.6949069
.1037948
.3321905
.8295026
.8460748
.8057961
.8571358
.0873123
.5000499
.7990099
.1710884
.1124974
.3937208
.9517624
.2568111
.1287592
.6454753
.8881113
.4790696
.9264129
.9770149
.5611030
.2523530
.7755678
.2743465
.7330855
.0124475
.1076448
.7700859
.2528784
.8115960
.0527872
.1809673
.9541708
.4868588
.5584151
.5924568
.5903392
.8874233
.6081186
.7466315
.4679477
.0889951
.0102807
.6599877
.3445111
.8720329
.3322664
.1746048
.7156764
.9954748
.8187092
.1290935
.8327921
.9587358
.5513716
.3250223
.6639118
.0121378
.6832525
.3600155
.5395932
.1495679
.3110584
.7004813
.4094277
.6970436
.4378504
.0749308
.4760542
.8969946
.5216270
.3831109
.4704815
.5804549
.3057940
.8366780
.9858648
.6179927
.9839217
.9739004
.0964501
.3450862
.2638820
.5238830
.9542234
.5687875
.5654066
.8350670
.1778689
.0799006
.4102990
.7282644
.6269640
.8185289
.0459810
.1862446
.5889050
.9707352
.4807496
.2499003
.4968831
.3101860
.4030635
.8552739
.0442951
.0410361
.9073765
.1162379
.9642976
.2469432
.5554780
.7343766
.8027813
.8059841
.0649970
.8006271
.7288645
.2923764
.8356726
.2424939
.7990729
.9532938
.5991867
.5661592
.1196944
.3226943
.7098018
.3445705
.0363688
.4139655
.9807428
.1105920
.8207897
.7193219
.5152034
.9285664
.3214698
.4362723
.6810584
.9381423
.6988385
.4401109
.2348027
.5909757
.6745120
.5262632
.6129383
.1339281
.6903962
.3574564
.5779728
.1316365
.9953535
.3680632
.7313880
.4668404
.9554847
.6016010
.8873854
.3086104
.8186454
.0872531
.9389072
.9966262
.7546424
.8974094
.6413799
.6539148
.2396174
.4706081
.6898191
.6109646
.7564544
.1328921
.5713848
.4008880
.3426106
.0054775
.9381659
.1683170
.7325951
.6477621
.6639217
.8239691
.7143880
.8520880
.3237036
.1723321
.8474140
.9803033
.5667222
.5416736
.8742537
.1120489
.7405251
.1535871
.9990970
.0608345
.1684908
.5835463
.7030133
.0063436
.6828446
.1844472
.9194328
.0900478
.3718432
.2718722
.2028047
.8260862
.0124734
.2028238
.9892168
.5905043
.3289530
.2189269
.1698329
.7693261
.0425196
.0706125
.9763237
.3695676
.6594364
.9905482
.6120379
.0271813
.0818411
.5425931
.1534794
.3820566
.4200074
.2368093
.9937287
.7325806
.8347856
.5715719
.5027644
.7308988
.8454340
.3405758
.6392135
.6348981
.3007462
.6255478
.9638784
.2940652
.1303272
.8847266
.8774576
.6137593
.1936291
.3658090
.4848197
.0063510
.3651332
.0721949
.5170765
.6390236
.3580761
.0306878
.1372462
.5028041
.1911381
.8270332
.4814460
.0110638
.2554722
.3876970
.3291955
.6644784
.6995078
.4198153
.0061292
.7173243
.5476083
.5702951
.8254482
.5837558
.8647458
.2219440
.2108416
.3614108
.6045531
.4900133
.9219295
.5733295
.2595583
.0342981
.7378476
.8590506
.0701019
.7599442
.5454158
.8818838
.3423808
.3443708
.0254032
.1617386
.3762628
.7982246
.0337206
.8915253
.6099549
.9450410
.3339444
.0500228
.8513086
.7872914
.5533937
.2852446
.8844888
.2157598
.1070544
.1097135