.8789699
.5357279
.5531873
.5228027
.4287961
.7846670
.2039287
.8923863
.0494416
.7091377
.9403796
.4857144
.0330079
.6986932
.5158880
.5605345
.5661657
.4890792
.3454108
.0994182
.4595101
.1553639
.3376622
.2415228
.3889050
.7144990
.3933156
.9040534
.1699045
.6397033
.2684169
.2074088
.1005963
.6124466
.9510333
.1778239
.6329540
.1940546
.6463392
.0736137
.2470059
.6158251
.9871226
.8056415
.7056547
.3751958
.5847335
.7192106
.4945136
.9593595
.7315446
.8210050
.7062563
.4959773
.0888895
.4658700
.1127082
.1363932
.7834130
.3019272
.6680151
.0535007
.7326073
.9099066
.2993473
.3919678
.4402838
.9421686
.5169881
.4915806
.1170557
.2539965
.4973777
.2798782
.9484287
.5261439
.6550991
.3781542
.6723292
.6257769
.3347635
.0981619
.3545632
.4955462
.7794948
.2498511
.5540386
.5046290
.6884158
.7169317
.5599075
.0211595
.2105269
.9356163
.5750519
.6607121
.7317794
.2056839
.3974260
.1552555
.5749460
.8058491
.2608795
.4136222
.0486891
.3562906
.1802045
.0529903
.3258636
.1600590
.8178801
.5049587
.2106488
.0747586
.2490536
.8662516
.2123426
.1608553
.0257317
.4681740
.5450493
.0995848
.8884083
.0203070
.3097906
.2270696
.5235638
.9421809
.9140964
.7055574
.2774861
.0796917
.1466843
.3864275
.6634199
.8211043
.6375301
.9670728
.0131673
.0554338
.9812507
.1958365
.4871432
.0084312
.9778219
.8676330
.0280598
.3134719
.3168915
.5435634
.8478088
.1008523
.7025514
.5372385
.3946604
.4117225
.9445146
.3625222
.4377744
.6003600
.0012893
.2825601
.9813030
.9390178
.4541984
.0077331
.1743196
.8375741
.4999962
.8434479
.7514135
.6701919
.8098819
.4746149
.0075124
.7621608
.9249819
.7595313
.5246379
.7464063
.8982420
.2782064
.7470153
.8541558
.8677193
.1216307
.9458665
.6603784
.7358739
.7529064
.0279291
.2402126
.9522936
.6382217
.8758064
.2812956
.0781605
.3876217
.7490288
.4022626
.6474074
.0112745
.2046786
.6488084
.3255846
.2561638
.0989158
.1018327
.7852911
.6828421
.8621290
.9205300
.3287271
.7559975
.2363226
.8447076
.9991107
.3246855
.0869504
.3932681
.4316424
.8599491
.8202155
.3658471
.3758892
.5890998
.6813365
.0949654
.3627768
.7953933
.5852384
.3447326
.7968819
.2678342
.6047401
.6335506
.2598902
.3696177
.9943020
.3006034
.0343870
.7701956
.5337642
.5141778
.9698838
.0159381
.4338858
.4366608
.1924397
.6707661
.3178208
.1604106
.5976827
.8515336
.7241944
.6789531
.6903394
.6609238
.3255508
.2344594
.9909490
.1298491
.9823786
.1685692
.5926221
.9173392
.0740636
.8402854
.1682478
.0636215
.0202983
.5051380
.8059384
.3585648
.4395939
.5626731
.6950595
.8616129
.7691477
.7633272
.3445864
.0766657
.2423505
.0659720
.8070177
.7850018
.9411688
.5510762
.3684049
.8756176
.2378660
.9057320
.7643133
.9361083
.9123610
.9359218
.6222707
.7356955
.6358418
.5979475
.0027268
.7572432
.1483704
.6415179
.4751908
.9260636
.7584279
.9769364
.8388691
.9871320
.4073757
.7166430
.2235970
.6228807
.2325105
.9339304
.6938799
.4203081
.8229893
.1478287
.2272232
.4998155
.8670401
.0723645
.9259233
.3380114
.1202189
.2315853
.4894169
.4316472
.1889127
.5474473
.6229855
.6423082
.2925968
.1011634
.9919448
.6794623
.4427392
.9892959
.3277304
.2261918
.9025116
.5628256
.9010481
.6494413
.7322365
.8636759
.4347028
.2752918
.8577617
.5139830
.2531649
.6246394
.7150619
.6168396
.9248358
.0162959
.4825157
.2727980
.8709079
.4241467
.2678016
.1231353
.0510320
.9291880
.0213824
.3010686
.2360661
.3472666
.2273418
.2580141
.3790003
.1671673
.9189743
.7495009
.1315723
.3626983
.1607249
.5164917
.2751277
.7747347
.1295154
.9483417
.1037690
.5466882
.0088192
.6759389
.9385383
.0760381
.9958133
.4075731
.1389659
.3601655
.6530643
.1137335
.3281985
.2753002
.4821301
.1196705
.2956497
.9584207
.2533538
.2417619
.0205288
.2390998
.2440920
.8152433
.0062153
.6013093
.5681364
.1862106
.3953826
.4900119
.0822065
.9778205
.7053443
.7921736
.4280347
.7970698
.7880672
.3237209
.5088875
.6587590
.6872275
.2473545
.8784168
.6490791
.1487237
.1008936
.9999293
.6827666
.1775149
.4506140
.8366731
.0828564
.4176483
.2471410
.2477110
.5338444
.8843853
.9244025
.9439006
.6750477
.2888668
.9351573
.3687081
.7184403
.4002688
.3184141
.7840892
.2825697
.7939625
.7784925
.0696849
.6649720
.6863777
.8979289
.0026311
.8605802
.4677693
.8968434
.9885695
.3692347
.4006050
.9846540
.0963361
.9960590
.4432729
.3345704
.5790565
.1867424
.0366557
.5656156
.8774626
.5710657
.0606521
.9763809
.8473423
.6849471
.8405196
.2453264
.6986996
.5430461
.8695528
.2004609
.6601162
.8413187
.1932150
.9527625
.4687520
.6782096
.4069337
.2863425
.5290821
.6272190
.1372447
.8928883
.2157888
.7625040
.8497311
.6162271
.7118579
.0436546
.1070573
.6172961
.6950957
.7726070
.5254761
.1941009
.4607767
.1124550
.6477497
.6535481
.1373153
.9623313
.8667546
.0100231
.5436206
.2180979
.2172892
.4822918
.6581437
.6446017
.0137104
.9531856
.3706474
.2440912
.3283436
.3957340
.6211570
.8771280
.3647768
.6190961
.5980260
.3314431
.9954839
.4008293
.6074760
.3228918
.4293677
.3636057
.9580907
.7484762
.2249807
.7263121
.1493791
.2711539
.9815691
.8967515
.4763378
.7831892
.6970081
.1161448
.6234612
.5743228
.3397742
.6440696
.5897332
.1254594
.9323981
.7265112
.0532850
.8883963
.6532172
.7194477
.7894284
.1242123
.1188221
.3053095
.5572835
.8611933
.4479897
.8995015
.9544132
.5077318
.8895618
.6667997
.8094120
.5668102
.4018295
.4188501
.1100409
.7072386
.0986567
.0534823
.5118483
.1234266
.8205892
.8386947
.4365848
.5493928
.1102381
.8026271
.0093486
.2248992
.7807958
.5471905
.1830435
.0353756
.2968778
.7017485
.9726694
.4611792
.3847656
.3943871
.4268865
.3776439
.1646768
.8555000
.7629240
.2868614
.7353966
.8931972
.0190056
.7556826
.2463092
.5687797
.0558900
.2621486
.8466501
.2872823
.0164948
.8712338
.0265321
.4923990
.4191862
.1844578
.4796176
.8826602
.1558664
.5147373
.0936745
.9315965
.8365659
.5730091
.1385607
.4673278
.2200743
.4463510
.9771633
.1894125
.9061147
.7965552
.2324704
.9687404
.1920295
.8593794
.2943034
.4095405
.0662173
.7507533
.5123718
.8910291
.7077532
.9002888
.0707961
.0621686
.6646693
.9164925
.6268205
.5850862
.7141475
.3957606
.9428301
.6730048
.2400431
.3352925
.5006914
.5262094
.2071847
.5017459
.4902849
.6203404
.3000332
.5547100
.1044740
.6705960
.0619394
.5998301
.7709031
.7672082
.2415569
.8409662
.1136282
.2620116
.2657331
.1408297
.7304590
.9073795
.8289481
.9173078
.6721448
.0337554
.2155602
.2515904
.8601787
.3720021
.3571477
.8033687
.8468695
.3911405
.5257647
.4182610
.3793172
.6142389
.4664341
.4296133
.5598146
.9169167
.1730715
.8242467
.5920265
.1978791
.9994295
.1266336
.1732215
.2735466
.7125258
.8122317
.0038519
.1149981
.0102309
.6898258
.3332001
.1552019
.7429721
.2709938
.4164954
.8849171
.1189851
.3259210
.5806980
.2175264
.6285074
.3517294
.5091207
.8231373
.6825083
.4112960
.0853347
.4570871
.4422139
.4543030
.9228042
.5376156
.4328543
.6184568
.7235838
.4872765
.0731772
.2064079
.0258484
.6906247
.0561049
.6969811
.1863404
.6140979
.5155976
.6912028
.6747406
.1406248
.5101329
.0945145
.4147056
.8993277
.7453188
.1647797
.6192844
.8101469
.0134978
.3215237
.3546576
.3319369
.7259122
.2522985
.6760233
.0586953
.8926186
.8009513
.7175008
.8967756
.1743105
.6485100
.6946161
.5192826
.1326173
.8202171
.1502628
.2948276
.7348684
.1561753
.2748546
.3033951
.4098783
.4284839
.9212404
.9500927
.5214027
.9971193
.2922292
.2667298
.9974250
.4915279
.2506665
.2388200
.5020926
.7438065
.4421799
.8976527
.5248605
.4715618
.0167143
.1537925
.6405406
.8536661
.2991515
.8686388
.8041462
.0119336
.7117318
.5092071
.7312026
.5959818
.3416736
.4520434
.3610073
.1853060
.2880383
.1110134
.9583319
.1575593
.6175009
.6019087
.9275529
.9776787
.7274294
.7124061
.1031027
.8993360
.0435776
.2097530
.0686971
.9260883
.9877665
.0713668
.3171003
.9252152
.9885177
.9388988
.0580896
.7203605
.3767827
.4070908
.8594066
.0173282
.4805682
.5498812
.5731687
.5128757
.0541794
.8999628
.3730571
.3384163
.3536691
.2557168
.6112783
.1034919
.6680074
.9639867
.6845827
.2179713
.9648118
.7682790
.2999020
.8236276
.8516103
.6732564
.7125221
.8996608
.3384041
.8412825
.6590815
.6889173
.0301296
.9763615
.3494678
.9615270
.7468849
.8153842
.2846264
.4283781
.2352155
.0283470
.3696748
.2298633
.1331017
.6981657
.1248894
.9297748
.0620805
.0799324
.4994841
.1829288
.6537912
.9923737
.0260730
.8199120
.1608990
.8626643
.3153504
.6930364
.3554274
.2964273
.9359478
.5534561
.4300238
.9367028
.7391282
.4455907
.4304190
.0594472
.4281127
.2147854
.6069317
.9104889
.3184039
.8215041
.8196939
.8307342
.8262295
.8538100
.0622330
.8438012
.8425335
.5316906
.1129466
.5147283
.9523193
.7248120
.9846304
.6296866
.9952097
.0082389
.1586382
.6399584
.1921375
.7471968
.8210046
.4453074
.1791466
.5064238
.9707303
.4866991
.2985325
.7070961
.9871178
.4137396
.0062252
.5939447
.1157644
.4691211
.1443007
.1312054
.9402874
.6359842
.2304798
.2307418
.4398659
.0036761
.8491804
.6516238
.9400110
.4999465
.6284226
.3567002
.8332929
.8024527
.7979621
.6663649
.7951924
.9099916
.6533462
.5576617
.9938540
.3014430
.1317059
.8740942
.1893119
.7226968
.8300913
.2351708
.6111176
.3986446
.6757017
.0650837
.8479406
.0914315
.2494871
.4763608
.1379577
.4375037
.1263152
.9278064
.2380337
.6217973
.8628915
.2593055
.8516846
.6101296
.1476615
.6577829
.1561757
.4998079
.4211720
.9469985
.0707462
.3586644
.4970801
.7962012
.9334525
.9685435
.3050589
.9617847
